Epoch	AverageEpRet	StdEpRet	MaxEpRet	MinEpRet	EpLen	AverageVVals	StdVVals	MaxVVals	MinVVals	TotalEnvInteracts	LossPi	LossV	DeltaLossPi	DeltaLossV	Entropy	KL	ClipFrac	StopIter	Time
0	4.507569	4.138569	12.579449	0.6521761	344.2143	-0.10021773	0.07508799	0.047884867	-0.4218143	5000	-2.077818e-08	2.3944323	-0.006884327	-1.8567059	0.91893846	0.0052727046	0.0518	79.0	4.574010133743286
1	19.458355	21.948982	72.51717	1.6797439	437.2	1.6184883	0.8606384	4.4551167	-0.21418075	10000	1.6474724e-08	14.121445	-0.0102844965	-9.168755	0.8994101	0.00796076	0.083	79.0	9.21180772781372
2	40.876713	30.421793	86.36094	5.412429	546.7778	4.6436443	1.8901105	11.125974	-2.0210576	15000	-1.8072129e-08	24.122986	-0.011754873	-15.116739	0.9061893	0.0077917986	0.079	79.0	13.801985263824463
3	85.44949	70.606155	220.40128	23.943457	494.8	7.742759	3.2394402	17.222652	-2.2192497	20000	2.348423e-09	161.52142	-0.009468136	-132.51743	0.8942206	0.006053864	0.069	79.0	18.200176000595093
4	180.93486	126.49246	388.26508	43.51726	642.4286	23.58276	11.522954	57.63649	-5.171179	25000	-2.5749207e-09	127.441475	-0.009086269	-94.73531	0.90395874	0.010743962	0.0836	79.0	22.59147357940674
5	306.6974	97.2597	416.75244	144.38316	909.6	22.737104	10.626493	46.665	-3.2542124	30000	4.2939185e-08	168.00877	-0.009658938	-113.04173	0.9081499	0.006332306	0.0864	79.0	26.875898122787476
6	382.77997	95.05591	456.88763	197.34842	964.4	39.765602	17.98037	97.439476	-2.334211	35000	1.1850894e-08	124.72631	-0.009520795	-77.63356	0.88676023	0.0060097277	0.065	79.0	31.17103672027588
7	303.94604	129.41135	482.32767	154.25664	702.5	43.624043	14.238361	68.664406	-7.5222373	40000	4.758965e-09	56.487556	-0.01268665	-23.223953	0.88449824	0.0075440323	0.0852	79.0	35.55984950065613
8	361.69547	138.73434	487.17535	166.59482	814.0	46.834293	12.536065	63.03249	-3.0002167	45000	1.4305115e-10	59.98363	-0.01003184	-38.714466	0.86867046	0.004592343	0.0686	79.0	39.8755464553833
9	357.53125	101.67481	449.26935	191.46153	809.6	45.4638	10.28038	64.43175	-9.743074	50000	-2.7567149e-09	32.25851	-0.00969366	-12.312384	0.8303402	0.0051789987	0.0724	79.0	44.134010791778564
10	416.96826	105.62358	482.4528	206.40863	901.2	47.766308	8.87697	67.73475	-8.326452	55000	-7.890165e-09	23.15744	-0.004369648	-10.5648155	0.8186187	0.016101267	0.1736	6.0	48.29412889480591
11	457.49432	8.24533	472.66068	448.9935	1000.0	49.511345	6.013864	62.902634	28.119757	60000	3.656745e-09	13.724059	0.005530106	-8.47978	0.81805086	0.016852343	0.1946	1.0	52.34000492095947
12	404.61224	23.688437	444.44534	378.45847	1000.0	46.6616	7.1735783	64.85421	25.050524	65000	1.4066697e-09	67.93751	-0.007964468	-48.346382	0.81794727	0.004172642	0.077	79.0	56.6986939907074
13	452.39056	24.661768	480.57343	408.4772	1000.0	43.77721	7.229444	65.36019	25.297373	70000	9.411574e-09	20.730583	-0.012855744	-10.018361	0.8167578	0.0076508103	0.1044	79.0	61.05039572715759
14	392.7185	101.035255	473.74252	226.65619	850.0	46.86201	8.693123	67.54007	5.274348	75000	4.1790305e-09	36.522507	-0.008706086	-29.08405	0.8073748	0.007830353	0.0646	79.0	65.3534083366394
15	497.0424	18.21606	531.4017	480.0227	1000.0	50.169704	6.813704	63.439274	21.896162	80000	-2.5391579e-08	22.714918	-0.010608323	-17.447666	0.8063093	0.006074581	0.0754	79.0	69.66206455230713
16	520.3562	31.416742	573.46564	484.487	1000.0	52.534855	5.3662944	65.162575	30.598665	85000	-7.1018933e-09	20.239899	-0.008794736	-13.358425	0.7752496	0.00736374	0.0658	79.0	73.98450899124146
17	531.9421	22.121498	572.1525	506.3266	1000.0	54.667824	5.9037657	68.53989	30.554014	90000	-9.378791e-09	7.352658	-0.012763846	-1.9652696	0.7625573	0.0059179966	0.1048	79.0	78.3170895576477
18	544.53436	12.317675	563.75183	532.71027	1000.0	55.564075	5.7356343	68.968	32.18802	95000	-1.1301041e-08	5.8122606	-0.011671916	-2.9239838	0.7386802	0.006037217	0.0854	79.0	82.6277425289154
19	572.2977	6.6243873	583.12683	563.1551	1000.0	57.8135	6.1955647	68.366234	30.933987	100000	1.0436773e-08	7.6252766	-0.011244157	-4.1714797	0.72167593	0.0062675923	0.0832	79.0	86.97509980201721
20	532.0299	139.5079	630.3001	255.9437	925.6	61.026524	7.3895392	78.9956	33.362877	105000	1.9401312e-09	189.1747	-0.00899375	-159.10936	0.7180707	0.005514205	0.0678	79.0	91.34684634208679
21	596.2885	87.2781	653.769	422.58768	964.2	61.6389	9.892676	73.77391	1.1713986	110000	-4.810095e-09	43.068897	-0.012480584	-18.535227	0.7035585	0.0049637533	0.0706	79.0	95.80831122398376
22	408.88266	211.4697	697.45416	155.0786	712.4286	54.40861	20.171616	78.269394	-9.938928	115000	-1.2456626e-08	44.533554	-0.012699809	-13.550524	0.67019135	0.009026967	0.0732	79.0	100.144357919693
23	567.5093	84.26453	642.16486	412.5527	955.0	60.86202	14.938185	79.65285	-12.615731	120000	-4.0620565e-09	31.875456	-0.011677015	-8.949995	0.66844314	0.009130727	0.0898	79.0	104.46224904060364
24	613.1083	38.112267	660.01776	567.70483	1000.0	64.7711	7.8603544	77.31381	38.4496	125000	-1.1861324e-08	20.58336	-0.011333915	-5.643178	0.64013046	0.0051873857	0.0672	79.0	108.87248921394348
25	644.0773	17.275274	670.75726	617.72504	1000.0	64.97907	7.8258777	77.67959	35.47589	130000	9.989739e-09	14.72893	-0.012815826	-6.763899	0.6239817	0.009380655	0.0784	79.0	113.1273865699768
26	643.9261	59.97851	723.5946	538.9345	1000.0	66.4291	8.131917	79.7224	37.333317	135000	1.18725e-09	22.903334	-0.014116064	-6.955022	0.62019587	0.009254922	0.076	79.0	117.41472887992859
27	562.3156	170.47572	707.3173	231.27664	903.4	64.34351	12.640619	81.16545	1.2395408	140000	-6.5885484e-09	35.911472	-0.013710351	-13.9232235	0.61688155	0.0064371084	0.0752	79.0	121.77541375160217
28	674.76807	16.089737	703.2013	660.0511	1000.0	69.919914	8.6236725	83.14599	37.35097	145000	6.7688527e-10	12.57697	-0.011317346	-4.292098	0.62636113	0.0064949766	0.077	79.0	126.11106991767883
29	661.3471	53.4352	734.3447	569.55444	1000.0	69.12069	8.662093	82.81784	36.95697	150000	2.837628e-08	21.113579	-0.011327187	-7.2854166	0.6376033	0.00407883	0.0558	79.0	130.51794528961182
30	667.65137	30.550503	700.64386	610.969	1000.0	69.45053	9.510814	82.729996	34.903687	155000	6.058812e-09	17.742584	-0.01387759	-6.475997	0.63720906	0.0067657125	0.101	79.0	134.8386697769165
31	716.7378	26.28363	745.34863	675.725	1000.0	72.53849	9.421388	85.02615	35.490494	160000	1.7011166e-08	15.554471	-0.016296003	-7.5941906	0.6128404	0.010663194	0.1102	79.0	139.11852192878723
32	698.92004	14.286135	716.33466	681.08923	1000.0	73.31086	9.423813	87.92449	39.479256	165000	1.1849403e-08	14.44945	-0.012195277	-4.363353	0.5896297	0.0060627274	0.0724	79.0	143.4385883808136
33	648.04626	108.101074	769.6926	491.05847	1000.0	69.137535	11.842061	88.76058	27.234808	170000	8.869171e-09	42.821575	0.008037383	-33.58105	0.58553743	0.0151798325	0.1558	14.0	147.6106517314911
34	719.7186	35.92563	767.8824	673.14417	1000.0	75.72136	10.684051	90.680305	35.060455	175000	-8.780137e-09	17.629503	-0.013749021	-8.27662	0.58412194	0.005883055	0.0828	79.0	151.97372245788574
35	726.7211	43.293777	794.43677	682.16315	1000.0	75.179565	9.655207	90.22889	39.62159	180000	2.5831164e-09	27.468021	-0.014697135	-12.718373	0.5739734	0.0133700315	0.1006	79.0	156.2844581604004
36	728.57666	35.359234	792.1149	688.33594	1000.0	75.71942	11.402872	92.21638	34.116104	185000	-9.310246e-09	16.33759	-0.013333904	-7.2026234	0.5838454	0.0069342577	0.0908	79.0	160.55695128440857
37	739.9372	22.565474	778.0148	708.3457	1000.0	79.29419	9.887416	93.00964	38.657784	190000	5.6922436e-09	10.813545	-0.01629219	-5.878543	0.5684272	0.007272695	0.108	79.0	164.79982042312622
38	709.8705	52.710243	764.0053	611.20026	1000.0	76.602745	9.547917	92.51754	40.79991	195000	4.5895576e-10	19.71549	-0.013795276	-11.905167	0.54386747	0.008645647	0.0828	79.0	169.10327577590942
39	740.52716	33.28787	782.79443	702.9589	1000.0	76.67488	10.322616	92.68842	38.063396	200000	-1.4537573e-08	14.527141	-0.014115343	-6.630991	0.5414588	0.0050777043	0.078	79.0	173.3606517314911
40	793.9392	10.435167	806.20435	774.75995	1000.0	80.56695	9.927138	93.81303	39.082233	205000	-2.2888185e-09	16.596544	-0.012759329	-12.814528	0.5377946	0.0069035133	0.093	79.0	177.66917061805725
41	770.6082	92.509224	837.1682	586.9535	1000.0	82.52208	10.047669	96.20554	43.296738	210000	-1.5205146e-08	51.954666	-0.012667453	-45.11949	0.51476836	0.0112095615	0.1226	79.0	181.96624112129211
42	724.59576	108.3431	831.5926	561.91547	1000.0	77.542175	12.548257	96.861305	40.376312	215000	1.0225177e-08	21.995586	-0.011007425	-14.329715	0.49030215	0.005973661	0.0698	79.0	186.21447610855103
43	757.0414	70.90898	867.1522	663.4358	1000.0	80.45302	13.104688	98.655464	40.359127	220000	-7.3850153e-09	26.358156	-0.012893604	-16.522062	0.491368	0.008917667	0.0712	79.0	190.57879424095154
44	753.3374	83.218864	845.21265	599.133	1000.0	79.24685	12.428382	98.47472	40.61093	225000	1.2772158e-09	15.22415	-0.017659666	-7.28725	0.48295203	0.012296143	0.1298	79.0	194.91911697387695
45	804.08606	32.581738	865.2451	772.9166	1000.0	83.42224	12.382142	98.1693	40.058044	230000	9.077787e-09	12.671021	-0.01406791	-6.1487613	0.44663465	0.009552629	0.0846	79.0	199.26179933547974
46	870.4069	29.409435	912.5893	838.6797	1000.0	88.97136	11.403389	100.57832	39.866505	235000	-1.9466876e-08	12.548799	-0.011946429	-10.644129	0.43891728	0.006774569	0.0748	79.0	203.6056432723999
47	811.11804	65.44385	882.55524	701.4115	1000.0	88.193825	13.135222	100.78499	41.649155	240000	-1.744032e-08	26.266386	-0.013540759	-21.90775	0.41672066	0.009698858	0.076	79.0	207.99659419059753
48	886.1139	17.261	909.3616	866.6497	1000.0	92.746124	11.764011	101.423904	39.6764	245000	-2.9051304e-08	6.883811	-0.0112186745	-5.449394	0.40483093	0.0064603835	0.0634	79.0	212.3077917098999
49	826.26855	82.57459	920.09863	693.52075	1000.0	90.18955	12.978824	100.45415	42.646214	250000	-1.7464162e-08	30.932753	-0.0120820785	-24.5032	0.38689637	0.011659714	0.091	79.0	216.68179607391357
50	875.8329	24.32496	907.9551	849.6135	1000.0	91.38638	12.824762	100.71706	38.689693	255000	1.1384487e-08	15.710962	-0.017059786	-12.220796	0.35790452	0.0068265535	0.0846	79.0	221.0853614807129
51	896.96405	14.3643675	911.97736	879.42615	1000.0	94.50058	11.293796	100.774574	40.81212	260000	-1.0535121e-08	3.5456696	-0.015853865	-1.9114878	0.3558221	0.008283545	0.0694	79.0	225.49889826774597
52	894.91046	24.26612	922.9959	856.58936	1000.0	94.11835	10.420593	100.619255	43.372757	265000	1.7148256e-08	3.173949	-0.015341359	-1.431326	0.32076597	0.0062828762	0.0838	79.0	229.8648965358734
53	906.9987	13.235074	922.0728	885.80035	1000.0	95.41045	10.302514	100.97349	41.68137	270000	-3.2663345e-09	2.3688827	-0.012347743	-1.967378	0.30571568	0.008181356	0.0758	79.0	234.14360523223877
54	892.3832	18.2478	916.5018	868.5642	1000.0	95.23607	10.253767	100.954544	45.66424	275000	3.6349892e-08	5.282375	-0.014676902	-2.6677754	0.26359972	0.0055956854	0.0478	79.0	238.4557921886444
55	882.7866	68.88619	921.46704	745.103	1000.0	94.68251	12.033698	100.69254	39.406773	280000	2.4288893e-09	27.388447	-0.012865959	-19.476032	0.2721176	0.004595257	0.0392	79.0	242.75822257995605
56	864.6141	108.331696	922.07196	648.0435	1000.0	92.0523	14.996463	100.9581	37.85321	285000	-6.842613e-09	12.208992	-0.01354687	-7.67826	0.2776084	0.0062792613	0.078	79.0	247.06673908233643
57	900.08594	22.388536	923.04944	857.964	1000.0	95.441475	10.505838	101.74672	43.671288	290000	-1.2502074e-09	5.2935486	-0.015307328	-2.6746638	0.2756245	0.008911076	0.0738	79.0	251.4592764377594
58	849.67126	119.99309	914.8787	609.9843	1000.0	91.41311	15.027737	101.60733	44.834496	295000	-1.4364719e-08	14.601003	-0.013443243	-9.422709	0.27271497	0.005083739	0.059	79.0	255.87717294692993
59	847.3324	132.5396	917.0467	582.3584	1000.0	93.22775	11.258712	101.27919	42.68599	300000	-1.3393164e-08	91.80034	-0.011397824	-82.285164	0.25689498	0.005386113	0.0522	79.0	260.2254419326782
60	908.092	10.411719	917.51685	889.2451	1000.0	95.26536	10.271077	100.92237	47.655437	305000	-5.7071445e-09	5.7558966	-0.010824903	-4.817558	0.28344652	0.005190193	0.0592	79.0	264.5991904735565
61	859.3284	113.74718	923.0933	632.21075	1000.0	91.41472	15.261625	101.50255	37.13532	310000	7.5295565e-09	15.009948	-0.015725266	-13.040675	0.27875352	0.007869063	0.0524	79.0	268.91523027420044
62	913.0389	5.0035048	918.64984	904.2602	1000.0	96.26304	9.549211	101.30287	41.598618	315000	2.616644e-09	0.9456771	-0.010019944	-0.5463158	0.28305423	0.007939857	0.0702	79.0	273.2419867515564
63	914.4474	9.333807	920.1368	895.87103	1000.0	96.29553	10.390776	100.98172	40.48646	320000	-1.527369e-09	4.8318477	-0.012594964	-4.216368	0.27438113	0.0072819977	0.0608	79.0	277.7182493209839
64	908.79333	5.2518554	916.07806	900.02203	1000.0	96.46485	8.622894	100.8385	43.799103	325000	-3.835559e-09	1.7862728	-0.011345963	-1.4725317	0.24688017	0.0066449875	0.052	79.0	282.01880526542664
65	908.79443	6.166884	917.3462	901.9783	1000.0	95.452866	10.369334	100.32706	43.614353	330000	-4.9859286e-09	3.4476328	-0.013076672	-2.8953118	0.25936177	0.007593215	0.0474	79.0	286.36273312568665
66	914.83905	3.8178625	920.6404	910.8237	1000.0	96.36584	9.235719	99.88037	42.387856	335000	1.00106e-08	1.0697491	-0.0117525235	-0.6053175	0.23546825	0.0075942804	0.137	79.0	290.7496383190155
67	918.1429	3.7190728	921.8752	912.02625	1000.0	96.955124	9.469801	101.021255	42.980347	340000	8.08239e-09	0.75173223	-0.010972535	-0.37361845	0.22791454	0.0042399215	0.0334	79.0	295.05883955955505
68	818.8988	204.44766	923.0765	410.0128	1000.0	90.74254	15.665394	100.73927	45.567554	345000	-3.708601e-08	113.55086	-0.01177005	-109.23894	0.22867908	0.010072063	0.0504	79.0	299.4674506187439
69	917.17413	11.491854	926.5064	894.66425	1000.0	96.30014	9.841188	101.33018	42.22428	350000	1.0603666e-08	3.135472	-0.0113422815	-2.6724753	0.2547681	0.004920937	0.0484	79.0	303.8058407306671
70	920.6247	5.9782166	927.3152	909.87366	1000.0	97.03877	9.1040125	101.39871	45.237114	355000	-1.8663704e-10	0.70847774	-0.009491097	-0.38023162	0.22713147	0.008619681	0.0524	79.0	308.20407795906067
71	916.7621	3.5833278	921.91693	910.9314	1000.0	96.92165	9.677978	101.697845	39.57513	360000	1.4102459e-08	0.36428946	-0.011759415	-0.107180774	0.21003819	0.0038500805	0.0318	79.0	312.5248508453369
72	917.1204	2.8317432	920.64703	912.5088	1000.0	96.64545	9.1306925	100.836105	46.23071	365000	3.863126e-09	0.41845286	-0.010907562	-0.13793945	0.17378698	0.0037467	0.0492	79.0	316.8528347015381
73	917.81396	11.908799	927.1419	894.63873	1000.0	96.94022	9.506767	101.36727	45.536507	370000	-1.4486909e-08	0.8105267	-0.010323652	-0.49913862	0.15183674	0.0065239435	0.0444	79.0	321.2166769504547
74	869.02325	98.77075	921.7777	671.5412	1000.0	93.38148	15.443413	100.82298	38.502884	375000	-1.1000037e-08	25.105062	-0.014925795	-15.755066	0.14273763	0.0043959864	0.033	79.0	325.60333275794983
75	919.7576	2.6309505	923.615	916.74786	1000.0	96.12633	11.788845	101.16779	37.93187	380000	-1.6123057e-08	18.251486	-0.009982877	-16.785284	0.15720092	0.0002065152	0.0292	79.0	330.03592801094055
76	920.2245	3.6000803	925.4483	914.64996	1000.0	97.08442	9.216731	101.06641	46.348476	385000	-1.924038e-08	1.5838366	-0.009671766	-1.1888794	0.13332832	0.004998434	0.0342	79.0	334.41312193870544
77	894.2023	40.45782	919.5394	813.5435	1000.0	95.57456	10.630601	100.78348	46.352566	390000	9.7543005e-09	9.564911	-0.014503417	-6.999949	0.1334449	0.0060951617	0.0438	79.0	338.7692725658417
78	919.0174	9.287602	929.47705	905.3137	1000.0	96.78614	9.809761	100.294075	46.352894	395000	-1.1901557e-08	1.1414037	-0.014026262	-0.8487363	0.15667127	0.008494914	0.0422	79.0	343.1745228767395
79	923.4002	3.6867564	928.69556	920.1235	1000.0	97.35115	9.029563	100.7331	47.71135	400000	1.33424995e-08	0.242231	-0.0108101	-0.17615095	0.12401688	0.0046989457	0.0348	79.0	347.5858516693115
80	905.49207	18.154322	921.92883	872.9796	1000.0	95.6695	10.387665	100.60646	45.518764	405000	-1.1564046e-08	5.152941	-0.004516445	-3.8931296	0.10492075	0.016259033	0.236	5.0	351.75995349884033
81	914.2938	12.809231	928.19714	893.9272	1000.0	96.55013	10.309165	100.37895	45.115925	410000	1.0120869e-08	1.1747146	-0.015469313	-0.617682	0.104035035	0.0039329636	0.0338	79.0	356.1548569202423
82	924.3661	1.7551472	926.6241	921.27264	1000.0	97.41451	9.070746	100.42313	43.21856	415000	4.5597552e-09	0.27021605	-0.009593554	-0.11447914	0.11145902	0.004581758	0.0422	79.0	360.52249217033386
83	922.035	2.4746535	925.1513	918.7912	1000.0	97.31885	9.009002	100.917046	46.353603	420000	-5.427748e-09	0.28283724	-0.010453366	-0.14463374	0.10613762	0.005790047	0.0436	79.0	364.8657853603363
84	917.6666	1.5025952	920.2023	915.8685	1000.0	97.02666	9.49081	100.37063	45.63471	425000	1.1190772e-08	0.46646482	-0.009487496	-0.3678919	0.113353245	0.003233229	0.021	79.0	369.2540626525879
85	914.275	9.487526	924.2063	897.4696	1000.0	96.35069	10.456562	100.45119	45.596855	430000	-3.33786e-10	3.7157655	-0.011089243	-3.0527086	0.11606407	0.0032708228	0.0378	79.0	373.69463872909546
86	800.9364	162.55809	923.9399	499.31012	1000.0	90.29119	14.023219	100.40755	45.75399	435000	1.5884638e-08	98.45662	-0.018145246	-80.875305	0.07878494	0.010198186	0.074	79.0	377.94739866256714
87	920.84357	2.9723482	924.5013	916.6589	1000.0	96.54744	11.516488	101.69726	38.352345	440000	-8.267164e-09	6.6455655	-0.01237262	-6.2496	0.10759211	1.7370665e-05	0.0366	79.0	382.3569486141205
88	921.76984	3.3526902	926.4206	917.02325	1000.0	97.24027	9.370409	101.4855	39.564533	445000	2.847612e-09	0.57406133	-0.006281381	-0.27739123	0.06604802	0.016065592	0.2688	13.0	386.5521311759949
89	921.9271	3.9305544	928.1008	916.3684	1000.0	97.44168	9.228122	101.26426	45.278454	450000	-2.1129847e-09	0.25486296	-0.0025505724	-0.11772214	0.063831925	0.01538685	0.2468	4.0	390.537296295166
90	861.67285	115.90576	922.34595	629.8872	1000.0	92.9083	14.276062	101.55255	40.96366	455000	2.0921231e-08	27.817455	-0.016520524	-23.554184	0.0636233	0.007558506	0.0508	79.0	394.8184654712677
91	868.0877	110.35992	924.33405	647.3745	1000.0	91.65432	17.10784	100.9663	32.580807	460000	-4.8942863e-09	23.742405	-0.015591806	-15.729899	0.074068904	0.012346635	0.1158	79.0	399.53664803504944
92	919.80334	3.0412526	924.0863	916.5193	1000.0	97.09138	9.478046	101.16749	40.35708	465000	6.493926e-09	0.8861614	-0.0028467297	-0.6855147	0.07828832	0.0158951	0.2182	4.0	403.63456630706787
93	896.92395	52.776466	927.8111	791.5236	1000.0	95.044174	12.1043825	100.71216	41.89628	470000	-2.8409064e-09	12.569986	-0.0009596121	-7.4654098	0.07800043	0.015345349	0.1858	3.0	407.67944622039795
94	917.7059	4.1775846	924.0637	913.16644	1000.0	96.0502	9.807021	100.997536	39.12508	475000	9.4026325e-09	5.958045	-0.0039300877	-5.65242	0.077644944	0.016093832	0.2302	8.0	411.7306399345398
95	885.0496	71.33811	923.0426	742.4204	1000.0	94.76297	13.111233	100.868195	43.858395	480000	3.4034253e-09	16.819101	-0.001247226	-9.531364	0.07679188	0.016358359	0.2148	2.0	415.7506377696991
96	908.3529	13.918484	924.70905	886.84204	1000.0	95.62415	11.629453	101.0395	43.90042	485000	1.1816621e-09	9.752085	-0.013006063	-8.39793	0.07676554	0.0054560252	0.065	79.0	420.1739978790283
97	881.1459	78.312996	925.32623	724.6867	1000.0	94.76011	11.383542	101.39386	43.373615	490000	7.602573e-09	35.36928	-0.013397923	-28.267181	0.077966206	0.0072488054	0.0426	79.0	424.63697719573975
98	698.1734	109.65294	913.9151	617.65765	1000.0	79.51695	20.98607	101.13263	35.752777	495000	2.1016598e-08	75.18889	-0.013136706	-45.84277	0.08680283	0.0077496683	0.0748	79.0	428.9686679840088
99	761.2838	170.84544	912.82104	476.11136	1000.0	79.88905	23.147087	100.55055	20.398111	500000	1.7881394e-11	37.485756	-0.0150448745	-13.234257	0.069526546	0.0047519533	0.0714	79.0	433.26340794563293
100	726.9919	227.78674	919.8331	446.10153	1000.0	81.43288	19.924143	101.54591	39.495884	505000	-2.8252602e-09	91.581116	0.06259927	-74.97433	0.06154251	0.06358123	0.2834	2.0	437.33575463294983
101	878.2936	81.04229	923.7489	716.3326	1000.0	93.21352	14.75159	102.98458	43.521706	510000	-4.7151e-09	14.946365	-0.00093921163	-10.883165	0.061472654	0.015056907	0.1994	13.0	441.4742419719696
102	911.69727	6.1380277	921.59064	902.342	1000.0	95.57307	10.564415	100.232925	42.370205	515000	2.3186206e-09	4.2096367	-0.014665337	-3.7217312	0.05952167	0.008543321	0.0698	79.0	445.829252243042
103	917.19275	4.2756114	923.9774	910.49243	1000.0	96.79445	9.48365	102.10163	41.117386	520000	4.5232476e-09	0.81691533	-0.014207431	-0.39542872	0.024242995	0.005877006	0.0844	79.0	450.21317887306213
104	920.44617	2.5609493	924.07776	916.13574	1000.0	97.053116	9.185582	100.71125	46.24057	525000	5.3048135e-09	0.22134656	-0.011598477	-0.10543819	0.029462932	0.005053772	0.0956	79.0	454.5835771560669
105	917.93036	6.823239	925.1076	908.8464	1000.0	96.84381	9.483702	100.48197	47.848236	530000	-5.7041647e-09	0.3547458	-0.012741828	-0.17199469	0.023122191	0.0073038214	0.0562	79.0	458.8926455974579
106	873.3755	89.49032	921.85284	694.4603	1000.0	93.33445	15.341946	100.31908	32.45176	535000	-1.5348196e-10	6.3444138	-0.01186565	-4.837988	0.01964581	0.0055347406	0.0444	79.0	463.2413375377655
107	921.26135	3.7323828	925.5681	915.46356	1000.0	97.01901	9.786259	101.068306	36.196934	540000	-1.5556813e-09	0.6679469	-0.011375203	-0.46545905	0.028760193	0.0037415589	0.0372	79.0	467.54834747314453
108	756.35364	326.10678	923.0661	104.15607	870.8	92.77755	17.419827	100.53621	29.415157	545000	3.0252338e-08	30.050566	-0.012461387	-27.898615	-0.0055897236	0.006803613	0.0344	79.0	471.95723581314087
109	916.7386	8.982142	927.734	902.3016	1000.0	96.776985	9.698387	104.02746	35.883698	550000	-3.9726498e-09	1.4867523	-0.013765702	-1.0491188	-0.00048220158	0.0041925763	0.0488	79.0	476.25786542892456
110	923.0487	1.692441	925.79407	921.0349	1000.0	97.3643	9.224495	101.86514	45.3589	555000	-3.0361116e-09	0.28683954	-0.009726206	-0.20808917	0.0035780668	0.0031400335	0.0328	79.0	480.6257221698761
111	923.5809	2.6228497	926.5424	919.84393	1000.0	97.39765	9.129202	101.368004	45.27893	560000	3.4421683e-09	0.22658087	-0.011046939	-0.12152956	-0.035859104	0.0085039325	0.0666	79.0	484.9862895011902
112	917.10583	2.1971862	920.7034	914.129	1000.0	96.78632	9.585365	100.28918	43.09466	565000	5.9902666e-10	0.38993642	-0.01366574	-0.28965136	-0.062443253	0.00655381	0.0596	79.0	489.27365040779114
113	921.18134	2.2619731	923.27997	916.83246	1000.0	97.20196	9.51951	100.598015	44.33608	570000	1.4455616e-08	0.15175019	-0.011621069	-0.076047815	-0.07908428	0.0020573612	0.0366	79.0	493.5730936527252
114	919.19336	2.956059	924.05566	915.54614	1000.0	96.950455	9.287644	100.3501	35.16371	575000	1.6719476e-08	0.38376555	-0.011274028	-0.17202014	-0.108406305	0.007788762	0.0518	79.0	497.9535253047943
115	914.6465	9.875569	921.6451	895.63385	1000.0	96.42878	10.223602	100.14412	47.11132	580000	-7.88495e-09	4.1144614	-0.008456371	-3.5654762	-0.12696266	0.015232834	0.1904	19.0	502.08332443237305
116	916.2167	2.0715823	919.7783	913.91034	1000.0	96.64642	9.467827	100.23242	42.36924	585000	1.7535687e-08	0.22224872	-0.008692604	-0.101378895	-0.13011312	0.01753673	0.2226	8.0	506.24072003364563
117	912.9027	6.5388985	921.4322	903.24	1000.0	96.65695	9.698321	100.53222	39.7749	590000	-6.586313e-10	0.4793523	-0.0012612006	-0.27258825	-0.13153672	0.01977787	0.229	3.0	510.29527616500854
118	917.84143	3.6395547	925.1053	915.78064	1000.0	96.79905	9.718727	100.278244	44.45457	595000	-1.7258525e-08	0.3340341	-0.013242164	-0.22856021	-0.13203752	0.0015976363	0.032	79.0	514.5941932201385
119	879.13904	75.23766	925.3957	729.088	1000.0	93.528275	15.428186	100.41432	28.799389	600000	1.47171315e-08	6.371186	-0.015014855	-5.1686573	-0.15044008	0.005285151	0.0348	79.0	518.9086728096008
120	918.537	3.7678876	923.6818	914.2018	1000.0	96.89266	9.275933	100.34887	38.381123	605000	-1.4434755e-08	0.33991244	-0.010956852	-0.23082432	-0.15352094	0.00761155	0.0588	79.0	523.2469522953033
121	921.0952	3.478642	925.3896	916.6158	1000.0	97.083435	9.406408	101.48574	39.557587	610000	-1.9587576e-09	0.35857365	-0.01036548	-0.2122729	-0.18419659	0.0073503135	0.0818	79.0	527.5462346076965
122	917.67255	4.088118	922.6721	911.6094	1000.0	96.90604	9.345618	100.43017	43.577866	615000	-2.2292137e-09	0.15302134	-0.01123049	-0.06470841	-0.21184169	0.0048494763	0.0492	79.0	531.9389216899872
123	919.8804	6.5115156	931.2286	911.1932	1000.0	96.88908	9.718941	100.18472	38.76043	620000	1.5424192e-08	0.271263	-0.01206724	-0.15843703	-0.19794035	0.0023473906	0.0384	79.0	536.2657890319824
124	922.6749	4.076931	928.57294	916.85114	1000.0	97.34095	8.964773	100.88253	47.46712	625000	-4.6253206e-09	0.114197396	-0.0025209873	-0.028865367	-0.22425018	0.0174769	0.1992	3.0	540.3299396038055
125	921.1373	3.661107	924.24536	914.73694	1000.0	97.09579	9.418869	100.7882	34.56988	630000	-3.170967e-09	0.29973158	-0.0076614874	-0.15455881	-0.22503628	0.0053745336	0.0368	79.0	544.7131350040436
126	921.3094	4.4854507	928.99854	916.30493	1000.0	97.15469	9.236958	100.07453	46.403465	635000	-4.9442055e-09	0.050411392	-0.010524435	-0.014499269	-0.24254867	0.0035699124	0.0322	79.0	549.0138623714447
127	919.3578	4.3536196	927.4511	914.72754	1000.0	97.067375	9.339481	100.39029	46.981247	640000	-7.599592e-10	0.08008207	-0.0157371	-0.033213273	-0.2632672	0.005814108	0.038	79.0	553.4064679145813
128	921.6366	2.4450207	925.01764	917.69556	1000.0	97.175766	9.210289	100.066605	44.01447	645000	1.3321638e-09	0.055822056	-0.009455123	-0.014834356	-0.27887046	0.0021350984	0.0262	79.0	557.7628531455994
129	921.48645	3.4758484	927.858	917.3982	1000.0	97.127	9.336216	100.06473	46.560482	650000	2.6032888e-08	0.05008405	-0.014183634	-0.021666361	-0.2816	0.006545277	0.0584	79.0	562.0314099788666
130	895.32715	55.65708	927.53546	784.2179	1000.0	95.281586	12.447087	100.289024	34.91309	655000	-1.2631714e-08	11.689837	-0.012834243	-7.7486997	-0.30891868	0.01337877	0.0768	79.0	566.299989938736
131	910.6061	11.759492	922.1906	888.4042	1000.0	96.356834	9.789314	100.11981	39.099922	660000	1.2314319e-08	1.9677734	-0.0112481145	-1.329759	-0.31639218	0.009398935	0.1236	79.0	570.6706733703613
132	917.9437	5.4995837	926.2588	912.14056	1000.0	96.69246	9.751162	100.1293	43.45915	665000	-2.0426512e-08	0.59246993	-0.012201634	-0.4712848	-0.34551728	0.003209137	0.0386	79.0	574.9837665557861
133	921.0897	7.2574544	930.9545	910.58105	1000.0	97.067116	8.97811	100.08095	45.371105	670000	1.6230345e-08	0.36625272	-0.006910565	-0.25302967	-0.36238384	0.019174902	0.2454	16.0	579.1034603118896
134	908.74963	8.783906	917.79504	892.2795	1000.0	96.17536	9.715713	100.16618	44.738934	675000	3.3706427e-09	0.69566506	-0.0138104465	-0.4284368	-0.36650118	0.007501441	0.0422	79.0	583.3882801532745
135	911.8633	7.0320315	919.0372	902.14746	1000.0	96.31418	10.022306	100.137115	44.45512	680000	3.6768615e-09	0.19813986	-0.01528496	-0.10015831	-0.35786724	0.0023900424	0.0542	79.0	587.6951823234558
136	915.82947	6.345501	923.2584	905.3203	1000.0	96.672165	9.589043	100.16063	43.722874	685000	-2.4442375e-08	0.13914861	-0.009977054	-0.053529695	-0.3912215	0.00418035	0.0504	79.0	592.0631995201111
137	921.2373	8.207592	929.23895	906.3036	1000.0	97.07261	9.1153145	100.17002	44.775463	690000	3.904104e-09	0.08829026	-0.013920969	-0.034393262	-0.41112432	0.0067932075	0.041	79.0	596.3692164421082
138	915.5286	7.1656094	924.4296	905.39514	1000.0	96.70795	9.340676	100.15567	46.157753	695000	-1.6525387e-08	0.23288964	-0.01524892	-0.08485544	-0.43379858	0.0075917603	0.0496	79.0	600.6839520931244
139	919.3574	8.373154	933.9808	910.82916	1000.0	96.85788	9.497244	100.206856	45.587902	700000	8.614362e-09	0.28833172	-0.0129395	-0.17164499	-0.43362036	0.0035643792	0.047	79.0	604.9924297332764
140	918.7363	3.3825448	923.0828	913.3123	1000.0	96.96789	9.144875	100.1213	47.709305	705000	2.925098e-08	0.057768602	-0.013914359	-0.01962724	-0.46813446	0.00725804	0.054	79.0	609.3120484352112
141	916.33105	5.8115897	927.6936	911.1593	1000.0	96.754585	9.452009	100.14991	43.95414	710000	-1.1515618e-08	0.08545636	-0.012426761	-0.038831264	-0.48029608	0.0056788777	0.0486	79.0	613.6609892845154
142	917.2409	6.8009562	925.85187	908.0796	1000.0	96.80616	9.438852	100.073494	45.768944	715000	-5.000085e-09	0.08785751	-0.011925141	-0.024256438	-0.5082904	0.010805732	0.1438	79.0	618.0578246116638
143	920.06006	5.031191	925.8158	911.14905	1000.0	97.04439	8.993852	100.13815	47.56086	720000	-2.1850317e-08	0.040786173	-0.013481163	-0.011731062	-0.5084039	0.0022495608	0.0586	79.0	622.427841424942
144	927.09436	11.555736	949.1871	916.3949	1000.0	97.17131	9.462065	100.20117	44.81552	725000	-1.4016032e-08	5.919023	-0.008558716	-5.429464	-0.50385153	0.0033146301	0.0378	79.0	626.763165473938
145	922.5166	4.1595106	930.0188	918.9547	1000.0	97.30422	8.745027	100.22863	49.54576	730000	-2.0888448e-08	0.17149588	-0.011566289	-0.1014258	-0.5294514	0.007683352	0.0558	79.0	631.1551070213318
146	926.27893	8.373411	942.88257	920.584	1000.0	97.35699	8.781377	100.17024	43.72806	735000	1.0544062e-08	0.5791202	-0.0103106955	-0.36789805	-0.5482421	0.0043302127	0.0518	79.0	635.4438717365265
147	921.35486	3.790859	925.93976	914.6113	1000.0	97.24317	9.036927	100.222755	48.669117	740000	-3.56853e-08	0.45273602	-0.009085924	-0.3856674	-0.5734259	0.007747595	0.1168	79.0	639.8306798934937
148	907.3491	28.877192	925.01276	849.84155	1000.0	96.38865	10.092854	100.543846	48.252	745000	-9.348988e-09	8.144906	-0.014065748	-6.6468706	-0.5883947	0.007467266	0.045	79.0	644.1476781368256
149	755.19525	341.14813	929.2475	72.924095	852.6	95.07223	12.926901	100.11859	33.136906	750000	4.415214e-09	99.631546	-0.009146653	-97.553505	-0.590004	0.01697507	0.0486	15.0	648.2166736125946
150	754.6081	338.78937	928.6636	77.05527	853.6	93.56203	18.680807	101.00696	-3.1209095	755000	-8.08835e-09	13.947675	-0.015254916	-8.378366	-0.5872049	0.008982335	0.0444	79.0	652.7100045681
151	784.8794	270.28674	924.50165	244.36603	929.4	89.29785	23.287844	101.31819	-4.2993217	760000	-2.404973e-08	71.713524	-0.009511191	-66.619736	-0.5848761	0.015137692	0.0798	20.0	656.8396170139313
152	915.901	4.4887004	919.5111	908.3239	1000.0	96.45335	10.339016	100.10779	40.775845	765000	-1.6368926e-08	1.3342152	-0.009235637	-1.034292	-0.584372	0.0016367554	0.0188	79.0	661.1871192455292
153	918.1208	8.433163	927.4221	903.5619	1000.0	96.91539	9.413749	100.29978	41.65468	770000	-2.3455918e-08	0.9059076	-0.014427372	-0.46297166	-0.6021744	0.00812715	0.0556	79.0	665.6093487739563
154	924.87854	2.6055393	928.62317	921.78235	1000.0	97.44935	8.906146	100.160545	41.28893	775000	2.8550624e-09	0.3445252	-0.00883588	-0.18861364	-0.623087	0.003986111	0.0204	79.0	669.9540257453918
155	919.08594	5.334587	927.21466	912.39404	1000.0	97.08136	8.86848	100.13743	39.246414	780000	-3.619492e-09	0.7095866	-0.013574291	-0.4558278	-0.64030796	0.0073256036	0.042	79.0	674.3605878353119
156	913.37463	5.2611217	918.4694	904.99084	1000.0	96.43703	10.204056	100.15158	42.7068	785000	-4.3500215e-08	0.53487074	-0.011602627	-0.42209068	-0.6506599	0.0012560919	0.034	79.0	678.7584898471832
157	921.0643	5.033352	929.1733	914.37646	1000.0	97.02111	9.557015	100.21644	43.601803	790000	2.3317337e-08	0.56430006	-0.014054645	-0.4279732	-0.66693914	0.0037223122	0.0514	79.0	683.123064994812
158	916.9621	10.681274	929.8046	901.69275	1000.0	96.87139	8.892005	100.48189	41.67551	795000	1.6900897e-08	0.88737977	-0.014073816	-0.56678474	-0.7052799	0.0071125315	0.0432	79.0	687.4477751255035
159	910.139	13.926716	929.29877	888.0184	1000.0	96.27438	9.7127695	100.38475	46.18849	800000	1.1485815e-08	0.7000928	-0.012857389	-0.31820956	-0.68934405	0.0036173484	0.035	79.0	691.8308618068695
160	911.25226	9.803997	922.54144	897.0108	1000.0	96.1453	10.311559	100.36183	44.516598	805000	8.162856e-09	0.6006208	-0.012920546	-0.40335372	-0.68588907	0.005690755	0.0662	79.0	696.1446323394775
161	915.317	6.439208	923.0427	908.34143	1000.0	96.635574	9.346691	100.08604	45.255093	810000	3.745556e-08	0.24525762	-0.013307656	-0.113338485	-0.70381963	0.0071697175	0.0486	79.0	700.3932645320892
162	635.03424	403.5195	927.284	63.362755	740.3333	91.320015	19.287848	100.1022	25.455362	815000	-4.4927003e-08	34.359703	0.0030316804	-33.53166	-0.70509344	0.01775737	0.039	4.0	704.5610115528107
163	919.3168	8.429562	929.48114	904.7772	1000.0	96.90257	9.372711	100.40482	30.113379	820000	1.647249e-08	0.5978305	-0.01300072	-0.3415673	-0.70495164	0.0048058727	0.0506	79.0	708.847779750824
164	916.9712	9.538167	925.7402	899.5938	1000.0	96.71685	9.819772	100.23579	43.083065	825000	-1.8343329e-09	0.71156174	-0.014036587	-0.530038	-0.72195274	0.009495415	0.0632	79.0	713.2530381679535
165	918.1211	6.9458647	926.48413	906.3368	1000.0	96.882996	9.191045	100.16787	44.398098	830000	1.4704466e-08	0.2082847	-0.0043191956	-0.108272925	-0.7584737	0.015574006	0.2114	6.0	717.2857210636139
166	905.6681	17.045773	927.0955	880.0632	1000.0	95.84704	10.523374	100.202484	41.031643	835000	-7.376075e-09	1.1206702	-0.013651458	-0.56330305	-0.7598246	0.008362875	0.0522	79.0	721.5915081501007
167	921.83624	4.345898	927.3038	916.0008	1000.0	97.06117	9.247195	100.18324	43.81159	840000	1.9341708e-09	0.49838403	-0.013265366	-0.3691679	-0.7632595	0.01060766	0.0422	79.0	725.9554538726807
168	922.39734	6.66372	931.87976	911.66125	1000.0	97.25445	8.860445	100.194	45.99921	845000	2.3454427e-09	0.14295442	-0.016645413	-0.057549752	-0.7794322	0.0064350823	0.0454	79.0	730.250141620636
169	915.417	7.7689023	925.37604	903.4341	1000.0	96.57372	9.885742	100.208336	44.020493	850000	-1.6836822e-08	0.1351699	-0.013244037	-0.054431215	-0.79066783	0.0021684836	0.04	79.0	734.5543291568756
170	923.54266	1.6059585	926.06934	921.2667	1000.0	97.40513	8.940299	100.24901	44.377346	855000	3.2220782e-08	0.08372268	-0.010384773	-0.032190222	-0.7851444	0.0024766722	0.0326	79.0	738.8856749534607
171	922.99786	3.5510194	928.3909	919.311	1000.0	97.271736	9.086763	100.20999	43.268074	860000	-1.1184811e-08	0.14266902	-0.013261444	-0.05654663	-0.7767259	0.009850229	0.0728	79.0	743.2089819908142
172	919.86993	7.473232	928.07074	906.0869	1000.0	97.02868	9.536853	100.14594	44.98839	865000	1.2817979e-08	0.13528383	-0.012653182	-0.08257829	-0.78273016	0.0027173515	0.041	79.0	747.4894886016846
173	924.7318	2.1112041	927.52625	921.78265	1000.0	97.37381	8.92654	100.236534	45.893814	870000	-1.38521195e-08	0.11406765	-0.012756615	-0.068932965	-0.8004316	0.002332479	0.034	79.0	751.8275957107544
174	920.758	6.7166457	927.9048	909.11615	1000.0	96.992256	9.754469	100.146194	45.086308	875000	3.786534e-08	0.8092742	-0.010998973	-0.684202	-0.8190113	0.0017320844	0.0366	79.0	756.1317160129547
175	775.23987	295.316	927.52734	184.63278	890.6	92.89652	16.66593	100.15846	21.395573	880000	-3.8561225e-08	34.806393	-0.01010224	-32.682114	-0.83927625	0.019177936	0.1108	25.0	760.2724554538727
176	923.3395	4.214149	928.34186	916.0964	1000.0	97.11231	9.435131	100.19604	44.640514	885000	6.346404e-08	1.1989815	-0.001531342	-0.96622515	-0.8425712	0.019201586	0.2208	3.0	764.2846267223358
177	923.28107	4.1423435	927.87115	916.94135	1000.0	97.22835	9.52988	100.23048	29.858217	890000	-2.6462228e-08	0.9016205	-0.0008675263	-0.69862056	-0.8423582	0.021755934	0.263	3.0	768.348296880722
178	901.2052	41.52916	927.73566	818.37695	1000.0	95.159966	12.964868	100.18832	28.374321	895000	3.733486e-08	15.342778	-0.013552287	-12.327238	-0.84207344	0.0054556862	0.0428	79.0	772.69504570961
179	764.71735	316.73535	926.7265	131.26817	855.6	94.95496	13.171338	100.33204	38.184654	900000	3.12686e-08	47.4979	0.009689281	-42.502983	-0.8613502	0.017437493	0.033	1.0	776.7064228057861
180	764.13055	315.63818	928.6275	132.94589	866.6	92.348816	19.89121	100.87444	-14.521043	905000	-1.1396408e-08	12.342251	0.035854112	-11.376093	-0.8616619	0.055781946	0.082	1.0	780.8563857078552
181	723.7337	335.10193	926.08704	61.22695	848.2	90.46787	21.936808	101.10271	-1.9871114	910000	8.743442e-09	37.715073	0.033319153	-26.01295	-0.86193496	0.051383764	0.1416	1.0	784.9007279872894
182	914.8381	5.0502253	921.4093	907.75525	1000.0	96.62235	10.043024	100.58614	30.7138	915000	8.937716e-09	2.7868676	0.016687578	-2.463204	-0.8621863	0.017513419	0.1524	2.0	788.8815565109253
183	914.763	4.265633	918.33246	907.90497	1000.0	96.69601	9.184443	100.20914	44.305523	920000	2.2920966e-08	0.5416063	-0.009557949	-0.39677215	-0.86258376	0.00388703	0.0192	79.0	793.1486079692841
184	916.6086	6.6115704	926.82495	906.01184	1000.0	96.63545	9.52995	100.45401	42.843685	925000	5.865097e-09	0.40786132	-0.014646914	-0.20808758	-0.86338866	0.005406808	0.0528	79.0	797.4634418487549
185	911.5954	8.847387	927.7743	902.1692	1000.0	96.390724	9.702312	100.23922	44.59519	930000	2.4485589e-08	0.3211168	-0.010803244	-0.16287306	-0.8708668	0.010233305	0.0804	79.0	801.7567691802979
186	919.68066	8.251279	930.9084	909.41364	1000.0	96.9145	9.385715	100.7069	44.844494	935000	2.6911497e-09	0.36134583	-0.011672134	-0.24024542	-0.8775992	0.0065581277	0.0554	79.0	806.1669585704803
187	908.6621	4.184444	913.41425	903.1714	1000.0	96.1965	9.901909	100.38219	43.42931	940000	-4.8445166e-08	0.5639924	-0.012517888	-0.4743842	-0.8876105	0.0030981665	0.0366	79.0	810.505350112915
188	913.83484	11.9831505	929.4638	892.80164	1000.0	96.44917	9.893008	100.401695	43.188705	945000	-7.1048736e-09	0.42730185	-0.012687818	-0.21002148	-0.8818101	0.0044606957	0.0338	79.0	814.8241565227509
189	920.8309	2.0936887	924.82275	918.6086	1000.0	97.091446	9.11711	100.21535	42.994274	950000	-2.7249753e-08	0.24214403	-0.015476561	-0.1846597	-0.88431245	0.015234447	0.0786	68.0	819.0705590248108
190	735.6458	344.2124	909.9072	47.230846	838.0	93.607574	16.342062	100.18733	-11.879652	955000	6.3061716e-09	29.808758	-0.0073849033	-25.809795	-0.89507115	0.0153856855	0.0592	7.0	823.103045463562
191	909.89026	12.451671	918.2816	885.1601	1000.0	95.7121	11.294014	100.12931	26.378756	960000	2.1381677e-08	12.045761	-0.007160428	-11.377712	-0.8952151	0.016904065	0.236	11.0	827.1591167449951
192	925.6458	4.249136	929.5163	917.61975	1000.0	97.20998	8.934251	100.20103	39.519733	965000	3.9204955e-09	1.191673	-0.011108246	-0.9876108	-0.89545447	0.0101601295	0.0678	79.0	831.4413306713104
193	917.2958	9.226694	927.7397	902.4992	1000.0	96.82818	9.294114	100.3153	41.018726	970000	-1.949817e-08	0.86912495	-0.008266588	-0.6000571	-0.926561	0.0013804926	0.0292	79.0	835.8913836479187
194	912.1584	10.624128	929.4071	898.8047	1000.0	96.19806	10.290833	100.21269	44.729755	975000	-6.6637993e-09	1.0718925	-0.01418875	-0.84716266	-0.93408436	0.0047547426	0.0548	79.0	840.3302919864655
195	907.7031	17.942032	930.5768	879.51654	1000.0	96.1399	9.819188	100.135475	45.162197	980000	3.4540892e-09	1.3135258	-0.013495506	-0.65349406	-0.9779552	0.0084001515	0.0396	79.0	844.715146780014
196	913.5452	7.110586	924.9926	902.6081	1000.0	96.3366	10.12343	100.0713	45.065006	985000	5.0783157e-08	0.41760477	-0.0140716685	-0.3023949	-0.9779162	0.00330859	0.0494	79.0	849.0391428470612
197	722.6115	315.39478	914.62274	97.39655	840.6	93.35071	13.544389	100.08052	39.43802	990000	1.9818545e-09	52.84243	0.004144644	-40.04516	-0.9997787	0.02416579	0.2546	5.0	853.1159541606903
198	918.64374	7.610375	928.40497	908.8923	1000.0	96.62557	10.147804	101.93675	45.229557	995000	-3.4816562e-08	4.327906	0.00043994098	-4.1573234	-1.0008383	0.021899523	0.2824	6.0	857.1767768859863
199	906.7811	18.45047	925.6503	882.7951	1000.0	95.80855	10.537013	100.0281	43.829258	1000000	2.282001e-08	0.900227	-0.00023144778	-0.55083835	-1.0012584	0.017428258	0.1996	7.0	861.2093081474304
200	922.479	5.526896	929.503	915.9215	1000.0	97.27508	9.020887	101.82821	42.46142	1005000	-7.1216375e-09	0.5728767	-0.004728942	-0.32876658	-1.0025277	0.016150236	0.2606	5.0	865.2601218223572
201	896.3285	25.134268	922.8714	853.97327	1000.0	95.064514	11.783791	100.44201	42.95737	1010000	-1.37049705e-08	1.8628228	-0.007467985	-1.194521	-1.0027262	0.022597026	0.2082	15.0	869.332846403122
202	919.9738	6.996275	927.1178	908.7636	1000.0	96.95283	9.583457	100.17874	45.96884	1015000	-1.4555455e-08	0.41872093	-0.004692005	-0.34644258	-1.002735	0.016931126	0.2386	9.0	873.573136806488
203	917.3353	6.20705	926.6008	908.99115	1000.0	96.85225	9.610663	100.091835	45.468346	1020000	-4.1934847e-08	0.084497675	-0.013087066	-0.04131245	-1.004029	0.0068007675	0.0728	79.0	877.8870096206665
204	915.78204	9.823717	926.5764	897.89154	1000.0	96.74469	9.715956	100.06697	44.51464	1025000	-7.378496e-09	0.108342975	-0.01206214	-0.03314309	-1.0285228	0.01509182	0.1878	73.0	882.2164447307587
205	911.2191	5.036639	917.6008	903.24756	1000.0	96.31302	10.072422	100.098564	46.107014	1030000	1.18901955e-08	0.11848645	-0.010599223	-0.043820843	-1.0222913	0.007757434	0.0534	79.0	886.5842838287354
206	910.8796	7.039862	917.9443	899.8913	1000.0	95.95732	11.131815	100.071594	43.29674	1035000	4.351139e-09	3.1440048	-0.0005234747	-2.8577504	-1.036101	0.015649768	0.171	6.0	890.6737620830536
207	914.92804	15.618059	928.44995	886.77704	1000.0	96.63735	9.525399	100.40971	45.8258	1040000	3.6984684e-08	0.74632734	-0.016470142	-0.5794185	-1.0375484	0.015357019	0.054	57.0	895.0253863334656
208	915.3506	5.8084064	924.4846	907.1872	1000.0	96.53385	10.1748295	100.10294	45.759144	1045000	2.9279292e-08	0.29316145	-0.0023950997	-0.25150844	-1.0293607	0.016536085	0.2392	43.0	899.2190256118774
209	922.30225	4.794278	925.49146	912.7931	1000.0	97.308525	9.050678	100.19148	45.54711	1050000	1.0505319e-09	0.059847813	-0.013171188	-0.020203207	-1.0340867	0.01264058	0.13	79.0	903.574830532074
210	918.0956	11.329063	928.30554	897.19714	1000.0	96.88833	9.457215	100.13401	46.076694	1055000	1.8015504e-08	0.09443587	-0.015495038	-0.037094917	-1.0532373	0.0054529896	0.0706	79.0	907.9073135852814
211	913.2499	4.7004504	918.0055	904.51025	1000.0	96.44241	9.919336	100.114334	44.342422	1060000	4.2964892e-08	0.3039678	-0.015109079	-0.20739366	-1.0917009	0.0044312067	0.0668	79.0	912.2885711193085
212	747.02844	353.92627	927.4714	39.199905	836.2	94.941055	14.547732	100.05865	12.523184	1065000	-1.5377999e-09	35.000805	0.004333948	-30.643696	-1.121438	0.018698791	0.089	2.0	916.3228647708893
213	921.05115	4.268817	926.76373	913.7573	1000.0	97.09921	9.326021	100.4511	30.983192	1070000	2.3508445e-08	1.543754	-0.014538932	-1.3168027	-1.1219673	0.0106280055	0.0698	79.0	920.5820116996765
214	913.25085	5.590093	919.87354	906.4054	1000.0	96.57341	10.241011	100.162766	39.770817	1075000	-3.502965e-08	0.7746961	0.0065485355	-0.6402693	-1.1449302	0.018870208	0.204	54.0	924.8694081306458
215	918.1553	6.3057847	925.09973	906.69104	1000.0	96.90533	9.506491	100.125114	42.143368	1080000	1.2892299e-08	0.27725366	0.013006238	-0.15195066	-1.1583129	0.027244015	0.2584	2.0	928.9381155967712
216	919.51013	1.4088869	921.35144	917.17096	1000.0	97.017654	9.393272	100.14282	40.731857	1085000	8.2206215e-09	0.59201044	-0.005317884	-0.49893785	-1.1586537	0.020649333	0.2942	9.0	933.044721364975
217	926.3296	4.4393353	931.8619	919.115	1000.0	97.51623	8.733695	100.122185	42.810017	1090000	3.4141355e-08	0.17020412	-0.015875079	-0.10076406	-1.1602578	0.0058442894	0.0408	79.0	937.3551681041718
218	916.4325	6.7423553	921.63354	903.5309	1000.0	96.817764	9.761249	100.14931	44.629513	1095000	-4.129857e-08	0.28760043	-0.017567007	-0.18403329	-1.1783617	0.0073973434	0.0552	79.0	941.7053954601288
219	921.308	2.754568	924.56287	916.8172	1000.0	97.12285	9.163472	100.09488	46.781982	1100000	-2.6351213e-08	0.08673526	-0.0122416895	-0.05077974	-1.1892085	0.011926181	0.052	79.0	946.0536522865295
220	916.6035	8.060365	926.47626	904.6053	1000.0	96.79842	9.593141	100.06954	45.29399	1105000	3.8281085e-09	0.14297661	-0.018811781	-0.062289335	-1.2046491	0.009350712	0.0652	79.0	950.4283592700958
221	916.35956	9.540809	929.18365	901.09625	1000.0	96.70086	9.693498	100.03128	45.59523	1110000	-4.425347e-08	0.23649193	-0.015458239	-0.09523147	-1.1902286	0.01590837	0.123	77.0	954.7059915065765
222	916.06165	1.4595544	917.64557	913.49347	1000.0	96.70357	9.828207	100.04426	45.65325	1115000	9.99868e-10	0.077442385	-0.0024945482	-0.04731575	-1.2172377	0.015909864	0.1416	5.0	958.7251455783844
223	918.2467	9.265138	930.2966	905.63306	1000.0	96.943695	9.39529	100.11388	44.891605	1120000	-1.259148e-10	0.18567729	-0.017936688	-0.10864977	-1.2187744	0.008702265	0.054	79.0	963.0948460102081
224	919.10486	10.069235	928.5166	901.66394	1000.0	97.008545	9.349282	100.071144	44.509388	1125000	-2.4511293e-08	0.08039177	-0.014845252	-0.0332911	-1.2148105	0.008532265	0.041	79.0	967.4318902492523
225	914.17883	7.736795	925.24445	901.8909	1000.0	96.13146	10.3443165	100.03493	44.12492	1130000	-5.8695675e-09	4.1628795	-0.004637515	-3.522438	-1.2199475	0.01552076	0.196	11.0	971.5439546108246
226	918.6542	7.29462	927.3728	905.8093	1000.0	96.93064	9.221589	100.14362	48.92637	1135000	-2.231896e-08	0.37097186	0.0063718464	-0.31060177	-1.2214092	0.016925063	0.0884	1.0	975.5344109535217
227	914.3838	4.664516	918.7428	905.82666	1000.0	96.58122	9.845016	100.10184	45.77515	1140000	-5.584955e-09	0.13241734	-0.0024005536	-0.07566305	-1.2215711	0.015749242	0.1988	25.0	979.5773229598999
228	915.0532	6.9027877	926.9064	907.746	1000.0	96.49581	10.200285	100.114944	46.05252	1145000	2.0950287e-08	0.9369867	0.0051939874	-0.84795207	-1.2317162	0.022629851	0.0626	2.0	983.565934419632
229	916.0218	8.890142	928.02576	902.6964	1000.0	96.78004	9.529306	100.06755	46.375587	1150000	-3.9947032e-08	0.2278724	-0.0131404335	-0.13895234	-1.232522	0.00996208	0.0528	79.0	987.8461365699768
230	914.4425	6.299755	924.7134	908.6242	1000.0	96.545235	10.099449	100.093315	45.711956	1155000	-1.1906027e-09	0.1008751	-0.012086	-0.05500477	-1.2240434	0.015697485	0.149	49.0	992.0081286430359
231	919.67725	3.9078002	923.69135	913.51776	1000.0	97.02171	9.428415	100.08755	47.59756	1160000	-2.6477501e-08	0.053034335	-0.0019752698	-0.022018256	-1.2363471	0.016147781	0.262	2.0	996.007910490036
232	917.9852	4.326379	923.39557	912.67316	1000.0	96.879906	9.652206	100.12755	47.103237	1165000	5.5503847e-08	0.03589895	-0.0023661356	-0.007928241	-1.2369765	0.020461334	0.2666	7.0	999.9993028640747
233	741.1146	351.36005	923.59265	38.4536	830.0	95.13843	13.643717	100.1378	15.242249	1170000	-6.3470004e-08	24.28973	0.008288802	-23.806139	-1.2386117	0.020282783	0.135	1.0	1003.9863338470459
234	922.87146	4.1703887	929.35706	918.77716	1000.0	97.17342	9.397712	100.04632	35.20541	1175000	2.6161969e-08	0.64311886	0.002434989	-0.53661627	-1.238749	0.016641544	0.1422	1.0	1008.0068488121033
235	917.2125	5.9735217	923.4058	906.9495	1000.0	96.91192	9.829578	100.17578	42.24849	1180000	-1.1703372e-08	0.54931766	0.004839972	-0.448821	-1.238851	0.023204222	0.3078	2.0	1012.0329675674438
236	919.6047	7.3102117	927.0304	907.94116	1000.0	97.02011	9.491075	100.06715	38.197018	1185000	3.0639768e-08	0.17880301	0.00044268635	-0.09284284	-1.2389451	0.017110284	0.3018	2.0	1016.0979902744293
237	761.39453	332.62366	934.974	96.21137	851.0	94.15415	16.941471	100.09714	-12.127964	1190000	2.3559481e-08	25.413364	0.010413434	-20.764574	-1.2390014	0.024696669	0.2436	1.0	1020.1623802185059
238	921.85693	12.207292	943.71857	908.60596	1000.0	96.60922	10.687533	102.73919	35.370186	1195000	-5.389899e-08	14.104406	0.008328844	-12.280711	-1.2390238	0.01628566	0.2	19.0	1024.2685282230377
239	916.8385	7.0145297	925.7159	904.8569	1000.0	96.80522	9.536473	100.24034	34.280388	1200000	7.9452995e-09	1.7886939	0.013290252	-1.6153094	-1.2402922	0.026109606	0.1832	1.0	1028.270812034607
240	920.5174	4.9818735	926.99304	914.35046	1000.0	97.089195	9.334676	100.49334	48.392483	1205000	-2.1140277e-08	0.5078817	0.016929924	-0.33483815	-1.240366	0.016230693	0.0898	1.0	1032.2860250473022
241	923.0988	3.774082	926.6228	915.913	1000.0	97.17513	9.384561	100.16421	46.49854	1210000	1.2980402e-08	0.243089	0.025211764	-0.1746146	-1.2404737	0.020972522	0.1338	1.0	1036.2977530956268
242	919.1834	7.087456	928.5947	908.3984	1000.0	96.92431	9.477119	100.10291	47.078354	1215000	8.416176e-09	0.23052207	0.02274448	-0.0914837	-1.2405982	0.022187667	0.1122	1.0	1040.4027526378632
243	924.52606	2.9594848	928.26917	920.5171	1000.0	97.35315	8.987185	100.09396	48.760265	1220000	1.3434887e-08	0.16687751	0.022536913	-0.08362715	-1.2406964	0.01915185	0.0866	1.0	1044.3902969360352
244	918.1703	6.2068877	925.5965	910.83905	1000.0	96.9151	9.483425	100.17391	46.886623	1225000	-1.0501593e-09	0.2207833	0.012221294	-0.14078002	-1.2407328	0.017040206	0.1716	1.0	1048.3920335769653
245	919.23126	4.668531	924.93774	911.9865	1000.0	96.934975	9.50661	100.10662	47.964256	1230000	-6.4447523e-09	0.11865069	0.015970333	-0.055515684	-1.2407001	0.029626321	0.3264	5.0	1052.3961975574493
246	924.06036	6.7887135	928.9831	911.191	1000.0	97.321175	8.862622	100.16715	44.812122	1235000	1.3683084e-08	0.1735531	0.013788519	-0.09332043	-1.2407776	0.019271689	0.1138	1.0	1056.4205520153046
247	919.2925	8.3337965	931.2553	906.8954	1000.0	96.98771	9.010522	100.252335	48.885845	1240000	5.030036e-08	0.2483083	0.023967339	-0.14647995	-1.2407708	0.02444475	0.2834	1.0	1060.4657332897186
248	916.54407	5.042899	923.47925	910.53876	1000.0	96.7578	9.301124	100.08392	48.518833	1245000	-6.7532064e-09	0.10827701	0.006449688	-0.06919974	-1.2407836	0.015961282	0.1368	10.0	1064.5623254776
249	910.5654	6.1242895	919.41205	901.6914	1000.0	96.2913	9.995113	100.127686	45.815884	1250000	-1.060851e-08	0.1144614	-0.014536004	-0.07098887	-1.2426133	0.0075916285	0.044	79.0	1068.8568980693817
250	738.0939	345.46674	926.155	47.630966	838.2	94.16764	15.124148	100.08788	6.6210117	1255000	5.3846836e-08	27.503593	-0.0032960193	-24.014288	-1.2418586	0.021192918	0.0634	3.0	1072.8565316200256
251	748.46735	338.9172	924.63635	70.70126	838.2	93.88013	16.33202	100.10177	-7.9225326	1260000	-3.5179408e-08	10.033627	0.0013796502	-6.8308744	-1.2421068	0.015448993	0.1646	3.0	1076.8893568515778
252	914.11035	9.854169	922.2605	895.6185	1000.0	96.53168	9.897637	101.97054	34.742863	1265000	1.5817582e-08	4.100532	-0.0034889234	-3.8220916	-1.2422897	0.01772056	0.2012	6.0	1080.9526052474976
253	915.1916	8.313152	928.7159	906.67285	1000.0	96.5797	10.049086	100.04554	42.327377	1270000	-4.765391e-09	0.29830125	-0.016162483	-0.20665978	-1.2440009	0.0019756877	0.054	79.0	1085.3167276382446
254	919.1139	8.139929	928.2349	906.844	1000.0	96.98276	9.12027	100.06585	46.527756	1275000	7.1115793e-09	0.20526923	-0.0026245273	-0.13917467	-1.2723924	0.017981041	0.2198	8.0	1089.4333863258362
255	923.1335	4.4734745	927.74963	914.95105	1000.0	97.21406	9.194552	100.1716	46.63084	1280000	2.1159648e-08	0.21738498	-0.013515517	-0.18610528	-1.2740865	0.0028816473	0.0372	79.0	1093.787030696869
256	918.3132	7.480072	927.31055	905.0361	1000.0	96.812035	9.795591	100.01639	43.985706	1285000	-5.1034988e-08	0.40734884	-0.016185012	-0.3467521	-1.2891755	0.0017078123	0.046	79.0	1098.0651524066925
257	923.7384	3.0818317	927.7956	919.9242	1000.0	97.3482	9.04408	100.22963	44.58784	1290000	-2.0588935e-08	0.18316522	-0.01382205	-0.13391452	-1.3136526	0.006815118	0.0598	79.0	1102.2971291542053
258	917.083	7.931756	923.9016	901.9405	1000.0	96.83752	9.467379	100.03173	45.89676	1295000	-7.903576e-09	0.0944	-0.01719931	-0.053703647	-1.3578168	0.01197943	0.0886	79.0	1106.7107059955597
259	919.0377	7.3313994	928.12524	907.3791	1000.0	96.97748	9.098634	100.23055	46.82826	1300000	-2.1329521e-08	0.1513157	-0.0062536625	-0.075191155	-1.3609953	0.016203092	0.2304	11.0	1110.7416639328003
260	748.0164	332.7362	926.77405	82.78268	832.2	94.375336	14.990759	100.16556	-14.100092	1305000	4.0978194e-09	10.096619	-0.00921501	-9.722173	-1.3622409	0.015172087	0.1616	62.0	1115.0307092666626
261	922.3989	2.7956145	925.4026	918.27954	1000.0	97.224785	9.157226	100.13866	45.170044	1310000	4.965067e-09	0.3129373	-0.011478736	-0.26298916	-1.3524522	0.004917013	0.0362	79.0	1119.387514591217
262	911.6009	10.519353	923.27655	895.85474	1000.0	96.28366	9.996816	100.007515	46.875626	1315000	2.0692126e-09	0.593768	0.004888852	-0.4958931	-1.3619784	0.01860446	0.1096	2.0	1123.399353504181
263	920.69904	4.6240163	928.101	914.7603	1000.0	96.99995	9.128723	100.02908	47.207832	1320000	6.4312665e-08	0.4084536	-0.0037100394	-0.31775773	-1.3622078	0.015244702	0.1872	7.0	1127.4130511283875
264	908.4714	4.0999527	913.4247	903.0348	1000.0	96.10453	10.152082	100.00802	45.832153	1325000	3.130734e-08	0.15808444	-0.012182857	-0.09682195	-1.3629972	0.016391814	0.1336	39.0	1131.6248095035553
265	926.3206	2.457186	929.2207	923.2613	1000.0	97.443375	8.63882	100.03225	50.751366	1330000	5.962253e-08	0.14917222	-0.0021296926	-0.12480684	-1.368072	0.015623236	0.1836	67.0	1135.919760942459
266	924.25195	6.1444554	931.2746	914.4688	1000.0	97.24411	8.640096	100.66203	45.603645	1335000	7.712841e-09	0.19809702	-0.013162855	-0.09443517	-1.3934492	0.004552786	0.051	79.0	1140.225392818451
267	916.4092	10.839921	930.9755	901.16327	1000.0	96.770706	9.538282	100.32474	45.6171	1340000	3.0261837e-08	0.11694526	-0.0163584	-0.07941952	-1.4329737	0.0060488707	0.0464	79.0	1144.5449113845825
268	918.7673	10.294774	926.29987	898.39264	1000.0	96.924385	9.264276	100.01983	44.794014	1345000	4.124902e-08	0.061923034	-0.01716434	-0.032438524	-1.4333644	0.006014822	0.0618	79.0	1148.825837612152
269	919.9131	7.560983	929.9985	906.8038	1000.0	97.012085	9.304597	100.08064	44.700882	1350000	-2.9085577e-08	0.05761395	-0.012270525	-0.029537925	-1.4581748	0.0060420195	0.0612	79.0	1153.1430974006653
270	919.125	13.253721	928.2437	893.35724	1000.0	96.980515	9.24019	100.03835	44.740913	1355000	5.0637873e-08	0.24031343	-0.012533374	-0.1726216	-1.4637933	0.0152257355	0.2222	59.0	1157.337839126587
271	920.9559	6.5071554	929.4828	913.15314	1000.0	97.0921	9.056879	100.15345	47.268635	1360000	2.5220215e-08	0.115388826	-0.00049164984	-0.08705262	-1.4630522	0.017263297	0.2192	5.0	1161.3341376781464
272	924.8787	5.1194744	930.8303	917.28827	1000.0	97.35405	8.693307	100.04668	49.12795	1365000	2.783686e-08	0.047016922	0.004477835	-0.032688618	-1.4631852	0.023754837	0.147	53.0	1165.5225415229797
273	753.5421	341.23428	928.0379	71.12112	849.8	94.56269	14.619179	100.005226	12.325029	1370000	-4.185438e-08	56.23665	0.0040008207	-53.502304	-1.4712849	0.023657896	0.169	2.0	1169.619817495346
274	917.76953	6.9170694	927.7056	906.79755	1000.0	96.9213	9.541672	100.67031	38.29797	1375000	8.241832e-09	0.99519116	-0.014065479	-0.760353	-1.4716134	0.008663794	0.0532	79.0	1174.039407491684
275	915.8426	6.0185313	922.49347	905.3651	1000.0	96.63595	9.987907	100.26749	39.519913	1380000	6.077737e-08	0.61825776	-0.014239694	-0.48371214	-1.4766666	0.007942857	0.074	79.0	1178.3512194156647
276	914.4959	4.4417686	918.9465	905.9465	1000.0	96.282684	10.118814	100.10492	41.781044	1385000	3.631413e-09	2.502117	-0.0045568985	-2.427488	-1.4946611	0.016189799	0.1492	6.0	1182.3941142559052
277	921.80096	4.6523376	927.47363	913.34753	1000.0	97.16671	9.047054	100.14779	45.842606	1390000	5.2910996e-09	0.13671756	0.0002892678	-0.07745245	-1.4961193	0.015960965	0.0796	62.0	1186.6621232032776
278	922.1951	3.7253947	925.8972	916.5351	1000.0	97.270226	9.04293	100.12187	47.16741	1395000	4.3044984e-08	0.097548105	-0.0005165631	-0.035961144	-1.5076566	0.02473941	0.3118	6.0	1190.6798357963562
279	753.28156	335.16434	927.8321	83.03139	840.0	95.04611	14.092336	100.00025	11.443372	1400000	5.4889917e-08	19.959278	0.0009823054	-17.975311	-1.5090437	0.021569395	0.19	1.0	1194.7570531368256
280	920.9541	6.342925	928.3204	912.27966	1000.0	96.95926	9.397891	100.066124	38.61119	1405000	-5.9346856e-08	1.4178896	0.00940817	-1.2883703	-1.5092973	0.020651119	0.2672	1.0	1198.7993369102478
281	756.93884	332.44513	925.1553	92.053986	858.8	92.70436	21.203337	100.00985	-30.01267	1410000	6.4828804e-08	18.77513	0.048040826	-17.969204	-1.509456	0.05507724	0.3794	1.0	1202.9162347316742
282	747.0977	340.10703	925.0282	66.939186	848.0	93.321526	18.278452	100.12018	0.9564009	1415000	-9.483844e-09	11.667685	0.018890975	-9.196348	-1.5095881	0.032428168	0.251	1.0	1206.9003148078918
283	924.5858	3.2589762	928.9058	919.8138	1000.0	97.29969	8.952426	100.07863	38.298225	1420000	1.906827e-08	0.9955404	0.002622474	-0.8785059	-1.5097402	0.017115016	0.1534	21.0	1210.9593787193298
284	764.2115	319.33517	930.2203	125.78237	859.4	93.0863	18.873264	99.96271	-11.199939	1425000	-7.044952e-08	4.6061845	0.006691065	-4.0445194	-1.5093502	0.017851358	0.085	2.0	1214.9404983520508
285	922.2238	5.254114	930.912	916.1412	1000.0	97.16407	8.881423	100.10226	44.150272	1430000	-4.9822965e-08	0.34665003	0.0026314023	-0.21311325	-1.509192	0.015823126	0.1204	22.0	1219.0708169937134
286	920.11804	8.558983	929.00446	905.3514	1000.0	96.97212	9.254011	99.96294	47.29914	1435000	5.873628e-08	0.50945896	-0.019231806	-0.36936805	-1.5089682	0.006204398	0.056	79.0	1223.3634977340698
287	924.5741	2.1679397	927.9429	921.48956	1000.0	97.410164	8.567751	100.019165	46.842045	1440000	1.4701485e-08	0.08769841	-0.017688109	-0.052444886	-1.5051154	0.0075271074	0.0592	79.0	1227.7173781394958
288	923.83704	5.3877683	929.601	914.5208	1000.0	97.37347	8.666548	100.00068	46.87523	1445000	-2.8258189e-08	0.13531612	-0.0055136336	-0.07899638	-1.5104632	0.015993323	0.2012	15.0	1231.8143229484558
289	919.7201	4.8479905	929.2532	916.14526	1000.0	96.9738	9.055733	99.961075	39.012737	1450000	2.7567149e-09	0.1998404	-0.00158152	-0.11712904	-1.5115331	0.022099363	0.3174	2.0	1235.8208436965942
290	922.0834	7.2738957	928.73004	909.97363	1000.0	97.26153	8.797712	100.21294	47.016872	1455000	1.1355057e-08	0.13058001	-0.015370247	-0.084358945	-1.5118222	0.007182657	0.047	79.0	1240.0614030361176
291	753.82043	342.51584	929.8382	68.87298	843.0	94.11425	16.864862	99.90419	1.5675237	1460000	2.2409857e-08	9.454693	-0.0033969707	-8.060775	-1.5210706	0.0151282195	0.0516	6.0	1244.0875153541565
292	918.084	7.3028474	929.1415	908.2965	1000.0	96.9019	9.152397	99.926636	41.52626	1465000	-3.8479268e-08	0.37895292	-0.0066887196	-0.26989233	-1.5212079	0.015644189	0.0618	8.0	1248.133410692215
293	914.5636	8.89062	926.64636	900.2854	1000.0	96.40811	10.311843	99.943596	31.521376	1470000	6.86273e-08	1.3324848	-0.011678557	-1.215266	-1.5209144	0.0050130007	0.0552	79.0	1252.457335472107
294	643.2656	391.4866	924.18994	60.657238	754.6667	89.62963	23.002401	99.958	-8.0883045	1475000	4.4670703e-08	16.181704	0.03184342	-15.125056	-1.5600798	0.09501015	0.3162	2.0	1256.4702236652374
295	743.38434	340.44342	928.1405	62.806957	844.2	92.52493	19.295286	99.95203	-4.1245995	1480000	-1.924783e-08	7.2713223	0.016729852	-6.9537325	-1.5607857	0.07424848	0.2364	1.0	1260.489887714386
296	883.44006	63.029385	926.56793	757.9732	1000.0	93.1116	18.158762	99.9481	3.8184252	1485000	1.1059642e-08	18.89837	0.026556037	-18.546707	-1.5610509	0.02324497	0.0812	1.0	1264.5654838085175
297	916.5604	2.8351536	919.88403	911.5882	1000.0	96.71483	9.583903	99.95447	46.872242	1490000	-1.0626614e-07	0.20709418	0.008219971	-0.11729954	-1.5612711	0.023144288	0.2354	18.0	1268.6946909427643
298	921.8911	4.475584	926.6836	914.3136	1000.0	97.123276	8.886211	99.966515	39.02546	1495000	-4.7750024e-08	0.30049443	-0.0038859977	-0.16647033	-1.5657305	0.016724944	0.1888	44.0	1272.8370099067688
299	913.2887	11.882175	925.33966	893.8055	1000.0	95.87169	12.20739	100.010635	4.8291435	1500000	6.561876e-08	15.604349	0.01769456	-14.953021	-1.5761607	0.020326847	0.0692	1.0	1276.9088172912598
